00000011110001
00000111100010
01001010010011
01001110110100
10010001011111
10010001101111
10010001111111
00010001011000
00010110001001
00100010011010
01101011101011
00101111001011
01101111011100
11000111111111
11110011111111
11001011111111
00000000000001
00000000000010
00000000000011
00000000000100
00000000000101
00000000000110
00000000000111
00000000001000
00000000001001
00000000001010
00000000001011
00000000001100
00000000001101
00000000001110
00000000001111
00000000010000
